384.64
134.09
388.18
133.47
390.01
126.65
389.86
177.59
169.58
249.07
147.81
120.32
217.28
366.00
222.19
383.58
371.29
316.00
374.44
361.46
282.27
117.57
167.94
214.27
373.10
175.14
178.96
229.15
159.21
368.24
260.13
269.99
267.28
162.15
222.86
227.40
278.91
122.34
358.83
274.05
120.40
171.83
228.60
320.91
113.68
120.11
381.02
157.47
320.79
246.43
364.62
337.72
144.61
369.23
335.78
286.96
377.13
262.10
115.44
371.39
116.79
229.26
239.55
154.32
372.98
328.34
253.59
366.05
381.85
380.56
246.04
311.49
120.69
387.35
226.60
351.05
131.02
281.01
273.57
212.93
229.76
225.44
225.68
133.96
314.46
375.76
160.59
239.08
154.07
245.81
168.72
250.36
348.78
152.34
265.60
318.82
289.21
182.89
326.98
269.65
800.29
1134.71
820.67
1271.81
1037.94
700.28
1023.43
1126.91
795.26
1016.73
754.46
1127.93
1115.63
1144.72
1155.85
1078.97
825.73
749.89
971.11
764.33
1239.44
1179.92
835.06
1046.22
770.48
1198.71
769.23
790.43
687.58
809.49
1078.02
897.16
963.64
853.70
1023.81
747.22
887.82
1079.10
1077.59
877.41
773.24
894.43
982.54
795.62
974.15
1070.00
1229.66
1164.16
872.14
1067.39
863.88
1146.17
932.47
1097.08
971.65
849.82
1060.23
942.47
769.68
746.85
1014.63
652.31
993.42
845.91
1086.37
1082.53
746.11
757.10
1240.35
548.85
718.39
904.37
825.89
907.79
961.71
1091.27
1154.98
781.17
705.25
762.83
1125.32
965.79
868.73
1254.11
995.26
837.70
789.62
875.59
819.76
1097.05
1157.11
1015.32
917.76
676.27
626.02
993.86
962.61
671.96
686.36
862.03
1907.81
1610.22
1832.42
1282.83
1429.06
2019.89
1498.07
1222.41
1371.60
1804.56
1492.00
1480.30
1568.33
1406.69
1873.68
1793.21
1633.51
1417.48
1509.85
1580.73
1346.07
1687.98
2145.56
1965.81
1790.72
1233.89
1421.82
1713.66
1374.72
1962.57
936.53
1493.90
1531.77
1811.72
1196.53
1902.08
1466.18
1499.43
1691.05
1514.60
1425.41
1412.57
1171.80
1452.90
1843.09
1773.68
1651.04
2159.24
1621.99
1862.36
1552.00
1542.88
1709.34
1626.90
1993.16
1316.03
1366.80
1113.44
1652.43
1463.12
1557.85
1868.32
1912.49
1593.75
1677.06
1956.46
1819.29
1376.73
1713.96
1860.70
1621.71
1807.22
1396.73
1271.15
1114.87
1296.90
1932.11
1362.14
1432.46
1355.35
1779.69
1297.35
1600.75
1938.84
1492.79
1713.01
1944.16
1269.56
1946.88
1364.52
1746.36
1614.16
1769.39
2017.62
1436.93
1403.44
1349.11
2233.83
1636.35
1868.67
1269.63
1016.86
879.10
864.76
870.11
816.32
647.02
980.59
965.86
1295.01
772.40
863.06
915.26
787.10
799.98
977.71
998.21
548.03
783.37
683.75
1206.80
838.46
742.46
1024.84
1078.03
762.79
1108.34
1240.85
692.68
895.02
512.73
615.06
654.20
1435.38
958.34
797.95
701.97
582.65
968.62
1030.92
631.08
842.85
950.81
1247.64
1013.88
843.40
1035.98
577.59
692.85
1045.35
1367.50
961.21
653.16
1042.63
599.91
683.06
918.25
1028.31
572.93
649.39
694.98
771.05
1375.77
988.30
544.91
1213.01
1164.30
699.93
675.57
774.22
1100.63
750.60
1036.83
925.16
1002.35
1057.35
924.85
590.86
731.96
1190.88
762.62
996.81
865.63
509.87
1044.28
743.93
1431.52
455.87
764.30
1062.12
650.02
976.90
648.85
882.11
1393.00
1094.35
1029.04
830.89
1111.53
1268.67
1356.44
557.46
1211.13
1256.10
741.63
568.19
1260.13
968.49
746.51
1345.59
655.83
859.48
1167.88
1040.21
1037.11
751.43
1508.72
519.23
1364.03
477.73
992.56
565.01
860.05
1052.55
856.90
891.63
1294.27
762.72
514.65
1442.18
538.10
738.70
1152.66
929.40
674.57
1580.64
884.03
814.44
1104.39
812.56
1097.29
1274.84
567.43
508.89
722.37
1341.08
508.07
855.38
1434.98
639.49
342.92
345.21
397.66
522.81
818.76
599.15
805.95
830.98
426.21
500.10
858.49
847.96
687.74
650.17
1025.16
465.59
886.61
810.42
847.94
347.23
738.21
696.49
882.58
730.94
695.30
942.25
796.57
997.22
938.77
415.71
583.40
654.55
344.07
374.80
875.20
670.66
1030.10
764.73
705.02
1054.47
429.38
503.66
450.17
813.09
435.60
354.85
784.67
669.42
899.26
861.04
761.21
747.40
609.44
309.48
766.80
305.74
945.01
568.94
742.38
543.95
692.28
683.22
590.08
408.66
331.21
720.40
769.91
971.37
710.85
437.92
928.66
889.25
939.88
410.75
478.34
405.50
578.04
533.30
945.66
385.78
596.43
815.88
555.77
644.58
363.68
535.40
1062.85
373.32
891.91
567.98
566.59
738.74
644.54
278.13
431.21
401.58
896.96
939.03
416.80
926.16
1096.34
942.38
1021.08
1341.88
901.47
621.26
978.01
921.44
1125.66
1036.85
1048.85
1005.46
1192.77
886.20
1063.53
1051.13
738.03
684.47
1168.48
1313.85
712.88
747.10
891.08
1404.87
1062.23
1055.49
1263.70
975.79
1208.62
760.06
937.89
949.18
697.47
748.73
1112.56
1115.00
1315.23
1134.63
849.62
1293.41
1311.90
1210.08
1172.07
1340.79
1084.38
1069.12
1014.28
1275.77
783.88
926.50
1258.71
842.67
1425.41
984.36
671.91
1050.72
880.68
731.74
763.36
1124.65
994.90
1164.64
863.99
1375.66
1053.44
968.25
840.20
958.63
1159.49
804.42
1400.12
595.74
973.52
628.45
1165.59
957.83
1338.23
822.68
1398.21
807.58
797.36
835.19
1006.00
1096.11
1166.72
875.14
1216.97
994.89
992.28
1242.70
626.93
1043.52
841.36
1197.26
1235.79
863.52
790.09
1262.08
1040.39
831.66
1505.31
1505.92
1753.07
1607.94
1579.36
1858.76
1681.63
1718.38
1515.05
1695.00
1731.38
1647.12
1644.33
1749.82
1851.27
1778.33
1754.32
1685.14
1651.85
1774.47
1712.84
1620.35
1467.70
1683.54
1671.31
1613.50
1491.90
1643.23
1462.48
1590.38
1811.82
1651.89
1652.65
1708.25
1542.33
1843.19
1457.14
1803.90
1970.14
1455.76
1576.53
1795.92
1675.50
1555.55
1601.71
1880.14
1628.47
1843.72
1822.98
1690.29
1485.89
1728.13
1451.69
1594.21
1831.42
1797.16
1642.38
1574.69
1507.06
1441.88
1614.66
1655.39
1632.24
1699.27
1689.84
1822.89
1679.74
1536.05
1891.92
1463.20
1785.79
1503.29
1613.29
1741.61
1878.01
1663.90
1526.08
1554.39
1797.95
1495.73
1805.81
1412.93
1678.07
1948.88
1514.27
1511.34
1783.56
1431.29
1480.44
1554.46
1482.55
1592.91
1797.67
1637.64
1725.58
1707.79
1803.84
1501.18
1428.43
1722.93
1134.17
907.26
1234.25
2366.78
1039.65
793.81
1334.62
1402.15
631.53
1660.97
2073.38
1287.63
2029.95
1993.79
1177.66
2187.14
1760.24
1744.07
2246.39
1907.96
1188.04
2131.04
1789.72
1997.50
1646.30
1365.79
1326.00
1056.74
2137.34
1469.73
2241.69
1436.05
1896.20
587.69
1188.70
2062.58
989.40
2076.82
1660.76
479.32
1873.19
1673.72
1504.19
676.95
901.13
1812.13
2426.26
758.54
2049.01
1267.79
1686.87
1092.14
1660.27
2026.78
1748.81
1445.30
1387.71
1700.69
1047.77
2536.00
1471.24
1448.84
404.26
169.07
1162.64
854.58
1363.71
2207.17
1149.62
1132.64
1753.53
1047.03
974.34
527.41
1338.84
1238.87
1460.81
1476.81
542.86
1567.07
1623.28
1321.16
1324.97
1445.57
408.84
1811.67
1169.69
1847.95
972.79
2230.59
1887.43
782.68
1625.55
948.09
1068.43
1564.48
2078.96
840.31
612.71
934.14
1759.93
1708.50
1800.07
2269.89
1937.51
1826.79
1848.22
1551.04
996.00
1903.66
1752.29
837.01
1513.62
992.97
1075.25
1493.27
1744.67
1019.48
1486.35
1387.12
974.49
1671.65
1392.38
1178.21
790.22
1913.28
1554.41
1287.39
1189.39
2013.65
490.31
1100.53
1025.14
590.68
534.42
1313.58
886.41
704.35
1950.07
761.18
595.46
954.88
813.07
2011.10
1131.13
2086.99
2016.32
1022.54
738.70
1814.23
1417.24
1614.63
1972.39
1920.84
1291.52
701.13
1275.86
551.21
1245.60
1749.75
2296.38
1229.71
435.31
1142.65
1773.80
1538.41
1180.98
1277.48
1397.08
1973.32
1955.43
2554.63
986.07
2064.51
1008.68
1141.13
1725.26
2579.26
1712.87
1861.25
1308.38
2260.87
1879.76
1813.12
1910.42
1197.44
552.78
657.14
773.03
1702.10
2228.42
1910.30
1067.98
1088.02
1131.74
1262.03
1687.34
1751.92
879.15
1709.12
1106.55
1071.91
2365.43
1276.19
966.44
1853.69
1179.75
1498.58
1415.67
2228.65
1119.78
1779.53
1777.87
1140.35
2058.36
2146.47
2233.46
2127.25
1352.10
1360.66
855.71
2303.32
1692.83
1862.67
957.35
1639.99
876.92
543.60
1015.25
1885.63
970.99
1468.47
1588.71
1685.95
2250.77
1179.50
1900.96
2190.34
2278.79
1944.89
1278.23
1400.23
1895.37
1112.36
2197.12
1815.21
843.04
1525.97
2059.96
1904.32
639.76
723.81
2137.06
1797.52
1791.91
2518.99
1283.29
2391.77
1538.89
2235.71
1665.70
2070.63
939.77
1495.37
1554.35
1517.22
928.94
1272.32
1552.39
1911.48
1418.81
1377.59
1353.06
2063.84
1103.37
1613.04
1990.85
2076.35
2049.41
1032.12
733.62
1136.02
607.62
994.34
1197.74
974.18
1498.14
1110.62
1356.46
1418.48
1474.52
812.84
2309.51
1462.10
980.83
1442.67
809.83
1738.91
1043.67
1535.88
1140.58
1813.75
725.07
2598.62
1066.93
1685.71
1905.50
1691.93
1315.80
2258.61
2170.45
1447.48
1534.86
1477.11
1732.72
834.43
1804.33
1876.24
2121.14
1243.95
1313.72
1875.80
688.61
1412.38
1132.15
1275.85
1318.39
1408.10
1912.24
1020.98
1662.18
1741.96
1488.02
1681.44
1235.21
438.72
1224.82
2124.22
2070.09
791.57
2097.76
1013.72
1358.57
1480.38
1463.28
1237.83
448.22
1385.84
2159.73
1940.30
1186.28
1033.55
2063.79
1141.61
1989.64
2178.76
1565.30
1273.23
1180.60
2193.24
1875.94
1901.20
1762.80
1906.38
1335.06
1297.45
1805.09
942.97
2154.48
1536.16
1097.26
1440.31
2382.14
673.24
1585.04
1022.06
1953.29
1661.32
1263.38
1335.78
1051.94
2065.05
1710.55
1265.78
681.78
1066.55
1055.03
1085.92
1835.30
1894.28
1094.78
1305.69
1637.34
920.23
1466.08
1080.31
1527.38
2175.90
2040.49
832.44
1403.82
1444.24
267.61
2399.43
1044.76
1384.78
1740.07
1501.74
2064.02
915.37
771.07
1559.68
842.34
2156.47
1574.88
1863.54
551.10
1037.68
1316.96
1466.89
1776.52
1273.44
1568.28
1871.44
1441.45
1567.43
1761.37
1116.44
2313.41
2074.60
968.46
1831.44
708.83
1588.77
1983.05
1896.09
817.96
1055.24
1554.86
1450.90
2139.05
1406.14
1636.63
1760.83
2093.26
2274.55
2162.07
1590.96
1624.14
1406.05
1349.77
1449.40
1289.35
1226.16
609.25
691.41
1737.04
1092.15
2114.81
1189.65
1855.76
460.98
1930.52
1609.41
1853.19
2148.84
406.88
1389.43
1893.70
561.86
1451.44
1267.18
1045.82
1980.39
987.86
2166.25
946.76
1364.20
1007.72
1222.27
1165.29
1522.44
1110.60
1612.62
1729.13
524.40
1519.43
790.80
1197.02
1455.54
543.92
1661.89
633.76
969.36
1324.85
1809.07
1799.89
2215.60
1739.09
985.29
1988.19
1832.86
1185.47
1075.09
735.24
1296.65
1457.19
1281.34
1730.42
1988.36
1446.17
796.90
1745.12
1541.94
1510.10
1375.70
2180.57
1285.24
1394.91
818.15
1258.52
1043.42
1107.76
1787.48
1016.92
2002.66
1879.86
1202.06
1171.43
1553.39
846.62
1871.47
888.07
1165.22
1700.85
1116.71
1948.46
1001.96
528.30
1639.85
1265.69
2174.60
1579.07
1866.54
958.76
1858.91
1640.27
1625.36
1097.37
1308.83
2035.26
1042.39
1857.92
1151.01
1975.08
2449.64
2444.25
1993.94
920.20
693.46
1572.07
1246.63
1367.22
1481.04
2207.90
1510.46
823.11
1311.15
1546.80
1388.83
1499.51
1149.54
1386.69
1532.45
1053.31
1044.48
805.73
1377.36
933.07
956.65
1432.67
1498.37
1522.77
1653.65
890.49
1400.50
1832.77
783.42
1313.65
742.01
531.39
954.01
804.96
1045.17
909.76
2088.91
1535.69
1695.57
893.66
1610.83
1507.52
1472.66
916.89
1322.60
2604.67
1898.76
1404.33
1641.93
559.87
1907.10
1224.78
1516.89
877.03
1865.47
1612.23
1288.33
1275.73
1376.47
1020.75
1969.16
2394.67
2248.10
1076.48
1645.40
1838.99
1610.22
1289.78
637.65
1872.42
1170.41
1946.53
1039.68
1532.35
2005.59
1480.43
982.21
2151.52
1497.46
1775.70
1017.14
1056.60
2146.83
1723.55
1768.84
2123.51
1272.11
1079.21
2182.55
1077.38
1320.89
1366.73
1213.56
1720.41
1922.58
1170.07
733.84
1794.55
1312.54
1615.18
478.70
933.16
1205.51
914.98
2058.78
822.95
1478.00
1590.60
2004.58
1335.28
2059.31
1844.58
1436.66
1391.97
1983.26
1281.84
1891.32
1790.08
1702.11
504.51
1422.65
1221.83
915.85
1328.67
1983.73
1458.69
950.20
1706.45
1064.27
1517.85
1905.40
817.27
2143.30
1051.04
2153.92
988.89
1652.26
1259.66
2506.39
930.22
1328.75
2064.59
1905.33
1316.24
686.40
1027.28
2045.34
1417.78
1951.30
979.22
425.03
1677.64
1145.66
979.30
1311.49
2152.67
897.31
1029.41
1817.52
1588.31
658.68
1666.85
1108.85
997.55
1653.36
1372.35
768.88
1355.81
1145.75
1436.82
1389.01
2245.35
1295.40
798.49
952.99
1179.53
1913.84
1600.23
1162.72
1259.64
691.04
1984.58
1548.76
679.23
989.67
2059.95
1943.05
1801.00
1363.97
1758.58
1045.85
1593.71
2190.59
641.80
2137.94
1530.39
1721.04
706.66
687.90
1151.55
1398.41
2315.14
1097.67
2424.56
1308.12
1053.76
1752.11
949.78
1293.35
2359.22
1871.05
888.35
871.07
839.76
781.30
949.10
1031.30
1754.03
1350.05
1445.07
678.59
812.59
517.66
1785.14
1205.36
1771.20
1482.86
2342.87
1851.06
245.19
1329.72
822.93
947.96
1474.58
1456.71
1300.84
1878.14
2346.98
1895.27
784.29
413.18
1334.31
1662.47
1478.04
1410.06
959.06
1689.44
401.11
570.14
1702.72
1582.59
743.59
534.92
808.55
1361.65
1419.09
1053.37
1958.07
393.30
1139.38
958.61
1287.20
1695.01
1929.02
1648.63
1575.88
1929.98
1137.12
2095.47
1045.81
1904.24
1489.76
1269.52
1880.41
1114.18
1648.64
1683.74
1227.85
1379.87
1800.43
2106.08
1204.57
1575.89
912.40
1074.65
1458.56
1477.92
1397.92
1253.33
1835.69
2439.70
1862.93
2227.45
469.59
1431.86
1118.94
2425.20
1279.99
1067.04
1214.86
799.87
1959.96
2163.03
1935.61
1455.76
1825.49
1431.44
2556.63
1597.53
619.46
980.94
1210.07
1013.77
1249.32
1368.05
1153.42
1612.09
1515.63
1856.11
1214.31
644.74
1005.71
1608.19
804.70
1598.22
1483.13
1387.17
544.99
844.30
1145.13
1004.57
1591.25
1363.87
1793.97
1794.07
539.05
1683.74
1042.17
1609.80
1080.02
847.38
1577.85
1188.23
2054.77
2307.76
2171.12
1278.74
1024.58
1670.88
1659.19
1242.68
1464.42
1481.56
639.98
1460.99
1821.87
1978.02
1531.33
929.48
887.99
1130.80
748.08
1953.73
765.83
360.68
969.77
672.22
1616.30
1266.67
1142.12
709.50
1326.51
1555.53
1030.52
953.00
1744.09
1412.59
1179.38
2018.38
2178.96
1258.23
1646.69
492.01
1269.00
1467.72
829.75
1108.45
1176.09
1037.55
2201.94
1255.14
1303.04
835.46
2212.97
859.70
1936.79
1603.07
1017.71
1308.30
1738.41
707.39
1208.07
477.76
1099.69
1402.76
2271.95
542.31
1958.13
604.14
1525.17
1364.33
1389.07
2143.53
1195.38
1330.99
1842.09
1135.39
1029.25
1109.63
2070.21
1982.30
1482.69
1621.26
2496.54
1831.01
892.74
1348.88
1506.82
960.29
1339.67
1348.57
1348.51
1867.58
1465.70
1777.65
1891.99
1518.13
1987.59
2096.61
1978.83
1059.94
727.96
1308.94
2195.22
560.80
1828.97
1080.41
1404.85
1830.90
1778.00
2060.82
1599.44
1599.35
1662.35
1341.84
1863.48
1596.83
2429.61
594.70
1185.51
1169.02
1719.29
1407.98
1466.95
2098.91
1344.93
884.26
1045.05
1533.17
1488.96
443.67
1661.93
975.99
739.13
2016.85
1466.87
1287.52
572.38
1834.25
1479.88
2233.93
2231.81
1371.06
1492.92
1418.34
2265.04
1495.43
1333.35
936.52
1210.38
1188.09
728.10
1828.29
1778.10
1115.56
2221.67
1875.42
1666.93
1556.83
1168.43
2270.43
1630.63
2359.69
734.36
1462.83
821.19
1392.81
1727.43
1833.88
1647.01
2072.73
1724.82
1114.36
1324.70
1447.80
1477.96
2003.17
1433.82
1012.44
654.96
1792.83
1705.52
1373.59
630.76
1134.05
1298.57
728.86
817.96
884.19
467.83
942.43
934.41
1516.98
726.74
563.94
934.36
1903.32
576.16
647.67
1840.05
1491.70
1815.58
1948.05
1544.74
1583.89
1386.26
1432.63
1434.66
885.73
1986.39
1739.20
1112.49
716.39
1508.77
1422.20
1146.15
714.31
1318.14
1829.16
1388.24
1198.53
1349.28
1368.60
2105.67
2189.23
1132.66
1305.57
2128.51
702.32
1028.84
1145.73
1329.25
988.57
804.15
1801.63
1560.69
1779.36
1374.80
1603.41
1839.79
1387.91
2240.26
1855.60
1990.90
1318.98
940.10
1985.98
1104.20
1307.49
1563.74
1148.08
1424.91
1047.01
1495.36
638.70
1574.10
1954.94
711.68
639.71
1435.40
1443.85
1613.35
559.77
655.21
1641.13
1532.36
1829.29
1434.17
2474.59
2022.65
2032.39
1433.73
1183.35
1252.33
1145.10
1437.60
1803.91
568.01
1339.81
624.08
1798.32
1932.32
1013.43
1772.52
954.88
1309.62
2081.20
539.52
1145.42
945.93
1824.86
1891.50
1202.33
776.90
1205.95
1692.05
219.75
779.85
1610.53
1519.30
753.30
1560.84
1688.60
656.92
809.59
1448.56
1988.30
1427.03
1684.77
2386.67
1021.96
1796.44
1761.11
1835.56
1722.76
1353.25
1447.41
2183.99
921.62
1837.01
962.72
1778.43
1340.39
861.53
1613.33
1761.77
1375.30
847.81
1209.87
2078.66
1217.07
1326.55
1100.60
1384.25
1340.70
1865.12
1848.96
572.08
271.28
796.49
1425.82
2076.23
1814.77
1570.92
1152.76
2297.91
2110.03
2021.01
595.16
2048.50
1589.46
1489.19
1954.52
2190.24
1046.13
2125.01
1131.83
1306.40
1176.25
920.98
1354.77
1338.57
1594.61
1133.20
1729.90
315.50
2004.94
1202.42
1071.19
680.17
868.40
2116.38
1750.84
2194.08
1438.00
2361.44
949.02
902.23
1832.88
1701.33
1054.66
560.36
784.12
1585.90
1790.41
1298.51
469.75
1631.98
596.51
755.50
2195.15
1497.93
1440.85
900.69
1476.82
1767.02
1882.57
1079.20
1145.07
2163.26
1571.37
472.91
2347.16
1843.60
1871.23
2088.09
803.38
1140.86
645.17
1761.77
1952.41
1025.28
1476.29
2273.16
559.56
846.93
866.40
1745.55
1304.74
1857.34
894.17
1686.56
1527.55
1611.77
2153.55
632.64
1966.66
967.14
1537.73
1034.14
1885.13
1498.09
2046.83
2082.23
761.16
1499.46
1285.34
2196.84
1770.82
1421.83
1620.51
1082.02
655.58
1364.90
1044.06
1108.34
1177.49
1959.31
1250.23
1442.56
1188.03
1640.02
993.69
1786.26
1942.33
1646.49
2058.10
1843.23
1918.80
1155.40
1520.89
1039.37
2201.88
1766.34
1223.53
1332.38
1503.82
1525.81
1630.62
1384.19
1964.46
997.31
1140.53
1537.90
1991.18
733.55
1421.46
915.44
2043.78
1946.89
555.65
1661.05
2440.26
2246.78
1134.11
1202.50
756.77
951.70
2040.03
1618.18
1427.58
1073.46
799.92
1157.88
1701.45
1028.89
2008.70
1398.15
326.22
1237.58
1559.97
2082.96
1375.81
1650.45
2097.74
908.11
1307.86
1638.59
1425.87
955.22
1684.98
1028.15
1665.46
1516.92
1655.62
1673.71
1359.08
743.09
612.67
1482.89
782.72
1543.11
768.53
808.90
1288.55
1311.37
1415.20
893.67
2113.33
867.94
2411.45
966.02
779.25
1760.68
1189.63
1562.62
2328.99
1289.05
2333.07
2165.35
1889.30
1006.87
447.46
1039.90
1287.77
1874.30
616.69
1965.90
2176.19
1056.52
1907.42
791.65
512.98
1325.71
1111.77
175.40
832.10
1525.68
1884.78
1992.32
2304.60
1410.75
1880.21
1644.63
1067.24
1506.34
1629.14
770.09
1231.84
1280.43
2321.88
1659.57
1898.03
854.71
1875.31
1480.87
1060.07
1138.90
815.84
2381.11
927.42
1829.49
2381.55
721.49
2047.09
167.62
2280.43
897.11
2089.47
1838.24
633.58
2077.68
2233.26
1338.17
1548.47
586.60
1239.66
1848.68
1234.73
1131.79
2205.48
813.32
1894.52
1537.13
1462.98
281.73
2225.00
442.88
279.46
1743.50
1220.25
1931.67
1365.48
1409.80
2121.99
1235.80
1336.51
1741.96
1389.64
1296.29
2042.57
715.86
1658.93
978.45
1121.07
1594.90
1686.38
1891.27
893.24
1098.51
1142.19
2096.13
726.69
635.91
928.40
1481.82
1084.44
881.98
1661.21
1217.67
1989.60
907.13
1970.94
843.16
2028.63
2106.73
1505.83
890.16
1338.32
1125.06
2163.70
1560.99
697.69
1905.88
979.94
1236.93
587.73
955.86
506.48
1777.69
2378.16
1843.29
1785.74
1309.68
554.56
1412.37
2058.74
1334.00
461.74
1334.53
1485.19
616.27
946.45
771.32
994.07
1019.80
1894.58
1076.81
465.97
794.36
2400.30
1343.34
2079.31
2422.13
1059.26
1253.38
2443.98
877.04
1297.67
1217.02
1621.40
1334.16
1805.87
990.73
1975.17
1774.53
1467.44
695.46
2301.04
1691.64
1479.60
1940.70
1199.51
1487.60
1987.36
1653.97
896.41
1317.54
1866.27
1126.70
605.55
1336.21
882.69
993.49
239.10
1214.54
2269.87
1857.30
1407.59
1484.44
1542.77
1691.55
1350.96
1036.95
1080.00
672.61
1900.32
1736.40
1243.39
1514.81
906.63
2010.78
2023.02
1707.57
832.10
1348.08
1695.08
2428.61
1246.89
1009.78
1335.04
866.93
1204.39
2366.27
1552.16
1830.12
1570.42
1245.34
2090.97
1048.80
1895.27
1472.49
1669.72
1002.14
1448.42
1370.60
1771.47
1244.30
1401.90
1472.10
1452.87
1104.92
852.29
1829.87
1921.87
1434.94
972.84
1677.08
1139.19
1121.13
1885.48
646.08
1890.38
722.92
1355.77
551.30
1747.31
771.23
490.40
380.85
2142.41
1601.08
649.25
1193.49
2161.39
1862.48
1216.49
2260.94
1395.43
1803.69
1362.12
1151.16
2091.96
1362.64
670.11
2111.08
1457.42
1490.45
1627.12
2390.28
1586.06
1744.64
1912.31
1170.14
1376.56
1466.51
1137.60
1435.65
1045.09
2513.42
1623.14
1375.60
1708.53
1692.96
1192.14
2338.65
1343.69
1150.68
1187.70
1473.49
1911.62
687.47
1622.22
995.89
2596.61
1775.68
1193.59
1816.88
1963.15
2031.96
1632.05
1328.68
1248.33
1826.97
393.74
2540.80
2271.19
2405.49
1604.59
1867.32
1371.32
1260.37
2264.99
266.30
1620.05
1309.51
756.39
2336.22
1883.50
1145.16
1479.49
1635.13
1723.01
1335.99
1579.91
1837.61
1498.99
984.47
1712.32
987.66
1114.67
678.72
804.11
540.32
1533.24
675.36
1238.59
906.68
1345.82
1751.11
1944.46
1744.07
2144.72
1238.92
974.42
1741.76
2364.97
660.67
491.84
1374.45
1513.19
1981.29
1499.69
1764.42
624.27
499.49
1978.40
727.33
1804.16
1189.88
2459.02
1652.56
1437.93
1271.25
1626.07
977.94
1797.73
2367.95
1148.86
1785.74
1267.05
1232.88
1759.88
1412.77
2454.49
1451.28
1680.21
928.16
2217.03
820.02
902.54
1269.61
985.14
1539.13
1249.16
1394.07
1693.47
2102.69
1634.66
1470.12
1398.13
985.27
1334.37
617.00
1719.74
1502.86
2418.81
2223.00
492.12
586.30
1626.33
2290.74
722.13
2179.95
850.93
1303.28
1046.88
727.09
2098.93
1243.73
636.17
1970.93
1721.77
1101.59
1215.16
591.45
1384.68
1716.21
2339.05
1628.35
1445.08
1571.60
1518.89
2216.01
2014.07
1764.83
2058.40
340.22
1678.34
1325.20
2024.92
503.76
700.58
2034.14
1968.33
1741.67
1345.45
1378.94
2341.23
2097.99
1390.04
1737.92
1674.60
909.47
1872.32
1456.21
1398.94
1503.63
861.35
896.83
1881.71
2143.24
1549.25
2101.86
2279.72
2414.65
1564.29
1451.17
763.80
872.72
1127.47
883.73
1184.47
1431.36
1851.90
820.77
1905.80
1607.28
1873.78
1797.44
1195.48
1673.01
438.14
559.66
625.32
1270.69
1178.90
1840.65
1598.17
1946.55
1407.34
1682.39
1336.83
437.35
838.43
1835.94
1255.22
1544.20
626.24
738.31
1086.36
853.24
1273.34
1414.92
699.58
1323.02
1316.05
1998.19
856.03
1148.28
649.22
597.00
1888.61
1675.39
1929.94
1304.30
1799.48
1475.44
1671.66
2363.30
1088.41
1857.78
1421.32
1709.09
871.28
1256.09
1664.26
314.68
2134.84
2204.76
1378.87
1217.29
1272.76
1508.09
925.65
1552.81
1336.23
1456.66
707.90
1590.30
1815.65
1986.01
645.21
1624.18
2092.75
611.97
1887.07
1779.04
1010.38
1083.17
1954.20
1798.35
864.23
1810.56
1209.81
737.73
1227.01
2034.28
1226.07
827.37
2445.95
1356.13
930.01
2078.97
1959.04
1117.21
791.33
1578.72
757.91
779.85
1703.74
1038.33
378.22
1737.36
389.70
1410.80
1073.07
1373.81
1753.39
1812.28
1255.62
1255.68
442.91
1244.53
1325.00
2117.12
1219.92
1438.70
1967.94
1837.52
1186.46
1415.03
1389.40
1659.05
356.31
2273.49
1320.31
820.90
761.95
667.68
2240.82
1378.65
1064.21
1992.99
2059.23
1358.58
1930.36
1584.29
1087.27
1681.69
1269.29
1916.00
1862.88
1649.87
2173.72
1157.57
1357.87
998.63
1400.36
1674.18
2063.86
1309.28
1060.62
1839.84
1111.03
1365.22
1404.58
1288.13
1335.17
801.69
1145.68
906.18
2560.50
849.12
1752.49
1771.60
1504.37
2082.18
1070.21
1114.25
1251.16
1621.03
1347.38
901.88
1089.02
1313.89
1061.04
2055.12
1392.89
838.01
827.04
699.23
1404.27
2494.69
1366.93
761.74
2308.45
1300.30
1930.08
2550.81
1947.97
1859.83
1463.75
1504.53
748.41
492.75
1634.33
2026.32
1596.37
1331.39
2283.51
1441.43
2105.49
1484.40
1484.31
830.51
1528.04
1767.14
1359.37
876.03
1916.38
1694.74
1406.61
2378.27
1142.57
2302.72
2219.48
768.64
1011.67
1392.02
1759.84
1846.49
1719.98
855.71
2224.14
1623.48
2110.03
1208.81
1364.52
2303.10
400.72
611.83
1178.55
877.99
1697.24
1569.57
2093.59
687.87
1383.31
1750.36
811.67
1990.72
1763.25
1276.78
773.47
1719.34
1424.67
1401.39
1381.36
2278.84
1427.88
1178.52
863.75
1082.38
1459.07
1800.58
1431.98
425.64
743.53
1170.05
1073.52
1305.90
1850.11
1532.16
2112.55
2108.49
1920.03
1453.67
1640.41
1257.04
1871.97
1738.17
1496.74
2260.26
2511.00
1849.56
1945.52
1240.33
1741.46
1882.87
1573.03
932.47
2107.54
1670.44
1860.27
1047.45
1696.98
2397.67
1446.05
2011.83
1636.60
2199.88
1012.69
1585.15
616.32
797.62
1826.90
913.26
1108.01
1861.83
1879.59
2073.51
1605.72
1667.76
793.68
1532.14
2588.72
1771.13
1457.42
2191.83
1242.74
1435.45
1703.38
1302.83
1178.43
1623.58
1305.65
2233.22
2241.42
2005.23
1217.50
903.11
2457.89
1263.54
1692.44
961.08
1626.78
761.03
1215.31
832.66
1257.66
1198.27
1819.23
858.40
1687.88
1860.06
1485.96
2401.97
1988.29
418.80
932.67
644.27
1046.78
1985.18
989.50
1977.60
2048.72
652.06
984.21
2325.34
2136.04
1523.01
1700.75
552.62
758.19
1119.09
1446.39
1490.82
1405.86
1443.54
1437.69
1124.99
1713.45
802.28
1546.16
1685.11
2112.17
1870.50
2070.88
1215.81
1120.06
836.96
1614.80
642.85
1043.37
1132.84
1879.65
944.75
2028.39
2161.52
983.77
1827.17
744.82
1559.32
1407.38
1051.07
2044.00
1675.81
1803.95
1512.21
1248.13
1524.92
1064.46
1533.85
1457.43
2099.11
1678.87
1061.23
869.02
1550.81
1172.12
2007.79
815.43
815.93
1517.88
1275.47
1016.17
760.69
1261.26
1117.50
595.73
668.29
397.73
1009.06
2288.22
634.14
1858.69
1943.58
1842.22
1552.38
1946.46
2077.61
1057.12
1097.76
2033.38
1426.76
1987.90
1023.05
1742.31
1814.30
1066.34
953.56
921.05
1905.03
1291.61
1372.11
1325.43
2113.64
767.34
655.49
1268.75
1600.97
1212.57
885.67
964.18
963.29
1173.48
732.91
994.58
351.45
1303.18
1471.14
1181.00
2101.73
892.03
1996.26
1354.37
1977.25
2139.14
1310.39
1383.06
1998.78
1417.56
1780.00
638.61
1516.53
854.63
1901.39
587.06
1204.81
1426.49
1543.24
2033.55
1270.50
1208.02
1637.62
1455.90
2656.08
1647.53
1265.93
2110.96
1422.23
677.17
1951.09
1515.45
2157.14
581.69
270.86
1216.59
883.21
1800.61
1970.07
938.68
1149.16
1887.98
1320.41
1050.35
1472.30
1763.30
1705.17
2487.25
1226.06
1270.50
795.58
2158.01
1580.29
1386.17
834.29
1984.89
1227.44
901.46
2288.46
1421.40
955.17
1803.31
1758.32
1665.69
2435.13
1386.97
1584.43
1383.26
1204.16
1609.33
1636.02
1857.59
1159.36
1287.70
1391.11
1987.68
2107.00
2249.59
2249.56
739.31
1096.51
1404.33
1199.22
952.17
738.09
839.33
2021.70
1026.88
1092.78
2177.57
775.62
1251.64
1791.58
1473.38
491.60
828.97
1983.88
1674.62
472.20
650.23
2269.58
1840.47
1522.07
2075.29
1090.12
525.61
2028.55
1351.21
1520.41
2152.89
1252.34
2155.28
800.20
1915.53
1411.38
1620.74
1689.75
1329.45
1608.12
869.46
2060.34
2028.24
1243.63
1794.55
1590.18
1580.91
811.96
685.40
1167.45
1297.79
2100.49
1207.86
2168.23
1557.66
1068.67
1649.97
1604.04
1099.08
800.94
2131.74
2359.43
1067.74
1200.70
1144.31
1058.37
2448.27
592.92
1825.61
1606.95
2072.63
1259.23
2087.93
714.52
1543.84
1001.85
1400.80
1654.61
657.19
794.24
1857.25
940.24
2239.13
1334.55
1850.17
1708.59
1292.05
1562.34
1144.62
2351.17
1421.75
1546.31
1466.01
767.80
2237.16
1867.78
1222.19
879.86
974.09
2346.36
1224.86
1656.07
2208.89
1148.97
1203.98
2089.28
1576.96
1564.91
1816.25
1019.99
1696.53
1314.92
1265.95
1519.09
906.93
916.99
1759.64
523.61
1740.50
1803.43
1384.31
1535.14
1327.27
2464.85
1957.90
1458.11
1925.45
371.95
859.56
1341.48
1465.04
1626.41
578.24
1113.94
939.97
1505.41
2125.70
1235.59
2159.73
1921.35
1284.05
1600.53
2147.29
1506.05
1385.56
1116.61
1060.88
2433.51
1255.81
1368.60
1648.85
1945.58
1121.51
741.16
1525.39
1886.07
1128.66
1118.53
1629.68
1884.74
1361.30
1270.90
722.25
2008.39
2064.02
1757.38
1358.32
2405.00
1510.28
2211.85
597.13
1369.68
853.66
1183.07
1493.74
1364.55
1294.68
1123.00
798.16
2040.40
958.82
1061.22
1855.33
989.24
1325.77
1328.52
966.15
1598.30
1926.16
1143.45
1416.46
1247.03
575.56
1548.45
624.25
2383.65
1397.38
821.68
1751.26
419.37
1649.95
1198.52
1022.09
1588.17
2225.98
937.96
922.92
1254.06
2084.19
1871.13
1353.00
1870.51
1014.27
2342.31
1753.70
1544.94
1684.33
1539.73
1007.85
1286.95
962.02
1140.32
2513.06
1847.57
2089.43
1637.72
1421.73
921.52
1150.97
2130.22
1746.65
1816.55
478.17
913.47
1955.18
946.12
1679.62
1388.84
1993.73
281.52
1912.89
2522.83
2129.42
872.37
1449.07
1623.35
2053.69
2208.84
2082.69
1606.60
1476.05
708.41
1525.96
1000.98
1291.22
1604.79
208.97
1900.10
708.60
714.07
1761.90
1016.60
1913.89
1501.31
1971.52
2207.93
1117.41
2130.43
1369.47
2060.76
988.42
709.73
1791.53
1872.92
1682.28
756.93
2079.24
2136.32
703.09
1277.69
984.85
1804.09
2352.54
1737.49
2172.36
1971.61
1272.12
512.37
731.41
1517.94
2416.37
1740.37
1823.73
843.89
1725.38
1260.62
2315.90
973.40
871.81
1989.94
2092.58
770.44
1822.89
1836.58
1410.60
1477.02
923.31
1096.27
1196.80
2267.46
983.30
1491.89
2332.26
1614.44
629.29
1540.76
1286.94
1420.10
1603.48
2297.99
1053.61
617.45
1801.09
1625.32
1897.78
916.12
1299.50
1413.96
1276.86
934.39
1196.63
2065.85
1689.84
847.68
1500.04
1299.03
1042.08
1133.51
2294.27
1931.72
1309.41
1649.13
1452.89
2144.96
1693.10
2077.70
2232.48
1653.62
1952.81
1496.67
1320.82
1562.82
2181.91
2411.84
1578.20
1889.81
1586.15
640.76
1737.93
708.79
1335.98
2041.84
1561.88
1063.79
528.52
908.61
1679.68
1317.40
1697.18
2139.25
1932.10
1103.47
1692.52
570.93
1350.76
1429.72
1252.81
1505.14
937.11
1872.22
1817.40
1558.65
748.09
1220.08
1027.31
1079.36
1723.32
1757.43
1163.57
1634.70
1754.08
1386.45
1154.92
1009.69
1354.74
1082.26
2012.34
713.80
904.00
1582.01
650.14
2056.01
1377.04
1354.96
959.29
1983.51
1125.12
2415.50
2205.23
800.76
1999.90
779.40
652.28
1676.17
1373.72
1907.99
2401.00
1342.00
1230.15
1800.63
321.56
1988.29
1027.89
1739.69
1914.58
1372.04
1420.98
1898.83
807.09
1754.14
1824.31
594.54
1290.67
671.34
968.40
1797.18
1322.26
1367.61
1994.85
1357.85
1041.90
1854.42
1650.57
1374.46
1666.59
1224.91
1226.64
679.22
1841.69
2080.80
960.87
771.23
995.09
1874.76
2425.60
1193.69
2126.27
1717.23
1269.24
2111.46
913.98
2192.71
1351.59
1057.19
1167.52
1302.16
1535.12
866.15
1300.78
2131.73
1600.30
1581.75
1595.70
2167.62
1552.44
1317.36
891.40
922.96
1048.84
1468.73
1100.92
2142.80
1416.46
987.93
971.76
733.96
2233.66
1331.63
900.23
1311.07
2513.34
2462.28
1014.90
1457.78
1699.72
809.79
347.53
1764.75
1002.04
910.20
1323.84
1258.67
1807.40
1995.90
1147.96
2113.96
1753.68
1000.14
932.52
1266.37
1029.32
1222.11
1820.50
817.27
736.89
713.03
1585.65
2287.99
2194.24
1491.41
2180.08
898.96
1633.15
1710.95
841.55
960.76
1633.79
758.13
1739.23
1667.18
1990.09
1291.25
1015.12
1139.84
1795.76
1131.95
1207.76
1237.30
1212.28
990.95
1170.73
1093.41
1694.59
1357.34
1102.60
1522.47
2277.17
1353.74
1914.19
263.05
375.58
1629.07
1646.77
1113.13
1928.42
1119.21
1673.78
668.16
1739.07
983.46
2345.49
904.84
1507.54
1071.27
674.50
2294.95
939.27
723.77
1181.67
1562.45
1606.66
871.96
1933.64
1054.83
616.43
2098.66
2202.34
1203.89
1530.88
1203.05
2304.28
912.25
1814.33
1538.29
965.66
1427.75
1261.05
1413.65
1196.84
1123.55
1376.77
750.74
729.49
1139.11
1411.22
1664.74
2129.56
1619.18
798.77
1405.16
1129.64
1298.40
1478.11
735.62
1055.05
1842.03
1161.44
1353.54
1820.89
603.59
1309.22
1946.36
1154.19
1817.27
922.06
996.41
1956.95
1588.41
1873.53
1707.20
1959.86
871.50
227.74
2271.07
1834.66
1567.86
1082.02
1539.90
1669.21
2275.74
1452.53
2237.09
1385.99
1625.03
763.09
2146.88
1455.21
1144.19
1708.35
2261.93
1522.85
1317.22
2103.09
2064.01
700.88
1528.67
931.80
672.37
864.73
1797.34
2183.16
1310.21
419.05
1482.64
770.36
1750.06
1876.23
1272.73
1443.87
1622.32
1380.16
822.52
2194.60
1741.61
1349.12
899.09
1614.31
1586.79
1265.82
792.71
1094.54
1208.12
2035.58
801.73
1715.99
1356.26
2357.16
1473.24
1555.08
2295.98
1026.39
2050.73
1469.12
1410.02
1768.81
1841.06
1554.97
796.53
1672.32
935.14
646.48
2207.09
1335.90
2082.06
1101.93
1326.66
925.80
2307.47
1424.68
2459.49
1346.22
1695.02
1883.77
716.90
1428.59
780.56
1077.31
1318.84
1520.42
672.14
1728.75
1801.11
1560.93
1360.46
1439.27
1634.12
2291.75
1776.27
510.17
770.79
904.96
1522.13
1082.51
1375.97
1327.92
1093.06
277.48
1652.02
1878.18
1027.71
1437.54
1017.21
1839.99
1419.70
1640.13
545.94
2448.90
1519.43
1709.75
1587.19
1073.65
1979.45
1141.19
1512.61
2169.24
368.78
880.21
287.45
1741.97
1215.46
788.34
2195.26
1469.49
1314.23
1189.64
1193.68
2108.12
2093.59
347.13
1889.19
1223.19
2539.53
920.68
1871.93
1641.90
2166.88
1566.35
1641.93
786.22
1318.69
794.35
1726.57
1636.91
946.05
1142.73
1281.64
1127.73
1933.69
248.30
1580.86
1608.75
1603.42
1024.31
753.42
1403.97
1502.58
1351.59
1461.96
1153.73
1438.06
1148.01
1030.26
1985.99
1320.46
1244.27
1308.03
1023.63
1772.80
2082.60
1163.16
1024.56
496.58
1805.45
1201.39
652.61
1609.02
1317.76
1931.36
1768.87
915.25
1786.32
977.15
2156.01
872.88
1640.00
909.82
753.15
1722.79
1755.32
1412.62
2407.88
1312.85
846.67
1011.82
1866.35
476.08
1656.00
1079.71
1228.00
2150.94
2454.66
759.58
980.52
938.74
1878.46
1724.32
925.32
1117.21
783.22
2050.49
1596.18
1487.28
1579.30
1478.84
2302.71
1523.05
1429.44
957.48
1569.17
1437.53
1632.67
907.47
1166.60
1465.51
970.95
1851.00
1253.59
844.64
1209.06
922.36
1146.18
1014.84
1652.21
2172.07
1945.49
872.14
2076.71
1253.54
1411.76
1174.71
1578.02
1539.97
931.49
1719.92
1292.67
1612.50
732.01
1010.33
1874.75
1831.38
1742.02
1745.88
2266.70
1830.86
1507.53
1699.91
1335.51
1394.15
1812.75
1475.47
1486.35
1261.77
1554.16
1266.06
1074.63
960.51
1960.68
838.96
1930.99
1943.93
2336.99
1441.16
1082.51
1249.73
2518.89
371.90
1131.04
922.02
1882.08
1355.17
1178.23
1412.60
1249.99
798.86
867.39
1517.83
2377.52
1430.03
2332.99
1646.12
1847.50
1881.58
1740.06
1097.73
1860.73
454.63
1293.42
1402.50
1251.02
1028.90
1854.32
1276.05
1253.99
1327.94
1641.57
1207.62
1505.65
1757.09
802.44
1364.33
2107.68
1748.61
725.59
763.80
1492.92
1001.23
1317.51
505.53
946.74
1272.24
1920.91
932.79
1084.35
703.35
1989.21
1044.76
940.66
969.46
1947.42
1184.60
1787.22
1993.65
1251.81
925.37
631.09
1755.15
1398.40
904.75
1583.48
2432.52
1053.82
2409.33
1572.88
1571.89
1200.99
1132.82
1125.64
835.20
1417.42
1855.08
798.17
1121.84
2396.61
1327.72
916.02
1701.99
1538.94
2327.56
1530.32
860.44
1143.45
1540.36
1216.59
1046.78
1415.58
685.00
455.54
2226.44
1641.18
948.07
867.26
1354.05
966.28
1656.12
1423.77
882.35
1448.19
1947.76
1537.56
1336.80
1615.26
1207.11
1021.86
1854.90
2100.71
1865.40
1508.27
1700.35
1341.15
1950.03
1586.19
1726.75
1216.95
992.57
1954.01
1509.19
1096.58
1634.59
905.32
1379.14
891.45
1240.54
984.21
2160.14
1423.87
1231.99
1746.87
1222.20
1241.53
845.40
1162.45
1259.37
1169.55
1436.66
930.49
1040.31
1342.95
611.06
1094.60
1483.25
1466.11
1925.18
1268.63
1663.08
875.12
1949.25
822.12
1252.25
826.35
1080.00
1708.73
1590.22
2013.54
1069.06
1892.47
753.19
871.43
2330.21
1264.12
970.31
1322.16
1370.28
916.29
2115.71
1769.62
836.40
1579.04
2467.80
2118.63
1503.26
1463.24
939.66
1502.20
813.05
1102.45
1294.21
997.53
518.15
2218.69
1777.68
822.49
1069.63
1790.60
893.36
1764.03
2087.99
1091.72
665.25
1510.65
1333.01
926.33
665.96
689.20
1634.45
1947.09
1321.70
1891.92
817.78
1952.76
1412.48
1131.43
1680.76
2306.24
1518.96
1571.85
1547.43
1270.74
924.70
1345.61
1602.34
1775.30
2038.96
1001.11
1783.52
1948.27
1657.03
2325.55
1857.64
1452.42
1195.85
2255.77
2104.28
934.18
1123.78
790.19
1968.14
1388.09
1645.67
2190.20
1687.43
1600.26
1201.62
1424.00
1286.17
1062.35
1083.38
1555.82
792.34
1709.02
1049.67
1639.39
1138.76
767.39
898.83
1416.81
1697.63
1273.31
1709.49
1201.22
1796.59
1562.42
1320.98
1024.82
2089.67
1193.98
2361.05
1794.89
1876.06
641.69
650.16
2315.50
1488.79
1075.59
1607.23
1583.27
1709.97
1929.65
1305.85
1762.19
1649.55
1648.39
2180.94
1739.99
1781.47
1192.85
1215.65
1301.49
918.08
988.75
1324.30
996.35
872.02
1267.07
1636.31
920.03
1948.53
2034.61
470.22
710.17
1790.73
1065.11
1093.93
1487.06
1501.70
817.63
1057.51
1893.67
907.92
1157.54
1888.89
1156.53
1905.03
1266.23
1950.04
1506.75
1076.72
1750.72
2102.09
1883.60
1176.67
587.88
939.52
1982.43
896.11
1020.13
1793.92
875.20
2088.65
1614.34
1484.68
2320.83
1790.19
1559.67
1279.84
1691.49
1031.03
770.33
692.56
823.19
1950.36
1860.13
605.14
1599.45
1178.30
1739.70
1444.20
2210.06
2385.46
1759.04
1101.68
2295.57
998.53
680.15
488.14
1576.55
1278.97
884.59
1323.24
1346.31
2081.03
1742.91
2019.03
1123.81
1075.36
1340.40
1408.84
1948.37
2186.12
976.33
1207.48
1469.26
1726.28
1582.69
1495.03
1273.07
1839.39
1477.02
1371.33
1588.94
452.47
1505.75
1725.75
1335.14
1091.12
838.12
1497.98
1887.74
1176.47
760.67
1524.70
1287.27
1936.83
1245.38
1867.97
852.37
1491.30
2279.61
1977.37
1288.80
1961.19
1258.90
1406.24
496.15
998.22
2325.59
1050.66
1672.29
1134.81
1595.27
364.78
1595.26
1337.30
1066.25
2448.45
2206.65
342.44
1564.41
442.54
1657.67
1166.44
1902.20
1047.01
2065.07
1973.24
512.40
218.93
1014.04
1160.96
1393.13
1624.60
830.57
1482.19
1143.30
1771.43
1243.90
1267.38
848.90
743.14
1728.55
1839.06
836.09
1489.85
1358.66
1530.24
622.48
1084.78
1570.79
1482.64
1390.98
1240.19
1224.27
1471.83
658.57
1614.09
1557.59
1822.40
1611.58
1620.30
1288.31
891.77
2158.66
756.76
1323.66
1577.91
1570.08
1047.15
960.58
1462.51
1231.37
1245.66
1202.50
2099.94
2290.58
2021.85
1041.78
1814.22
927.86
1272.90
2179.84
1490.94
1542.80
710.13
1081.84
1415.33
1598.07
1223.55
1838.17
1901.51
844.81
1589.39
1701.51
2206.52
669.45
1256.07
1045.84
1120.48
2299.50
1317.71
2135.40
1234.37
934.71
932.21
1523.00
1154.66
1634.50
587.06
836.19
1485.91
1124.34
1610.35
2127.19
1335.29
1442.18
927.29
820.32
1809.51
1273.01
924.06
1186.48
2220.18
945.84
1299.05
1547.41
861.74
1159.48
1326.12
1570.88
1325.32
1634.09
473.11
615.67
1838.27
986.91
869.09
836.69
1612.07
837.47
1305.62
1850.57
858.53
1400.01
1268.10
1330.94
1356.27
1461.78
1625.99
1554.87
1669.35
1006.48
2488.40
1229.03
1490.08
2423.02
1204.41
1880.62
1345.33
1699.19
1021.62
954.59
1341.38
950.46
2142.14
2144.80
1996.12
1789.96
1676.54
1618.36
1793.53
1496.46
1573.90
1195.87
1061.55
1574.48
2582.06
1929.15
2021.36
940.40
703.15
1031.00
1403.94
1833.20
2098.66
541.32
1253.10
523.33
1197.07
1958.98
1160.24
1647.83
1517.67
1223.64
1625.43
1258.55
1787.00
1193.51
1063.52
2403.57
1546.82
650.89
951.86
1383.00
827.80
1812.03
1268.60
1335.38
1551.28
697.29
518.84
2325.31
1227.02
1641.38
2149.99
1765.67
1705.28
1962.33
1367.94
886.21
1446.56
1261.83
1569.85
581.48
1946.87
1829.44
1066.49
554.36
1216.55
1142.84
1452.99
1600.96
1665.87
934.17
794.28
887.12
867.30
1932.52
1192.34
677.02
2037.16
1581.66
1995.93
1011.80
672.98
595.52
1357.79
1821.83
2227.40
472.29
2063.02
1754.19
1960.55
1398.35
1847.38
1347.85
681.89
1952.37
1738.52
1494.36
1330.77
756.89
1242.78
1315.19
524.03
2120.96
1226.20
1084.87
1261.64
1514.91
1087.14
1412.66
2590.44
1833.88
615.61
1322.33
1091.07
1606.67
1335.92
1515.54
1504.80
1352.81
1458.43
2164.63
1481.17
1609.51
1546.86
2234.26
1190.07
1504.75
1576.53
1147.97
914.99
1503.46
668.23
1386.16
843.90
1478.58
1246.97
957.01
1194.69
770.73
1273.72
2262.49
984.59
2214.60
1615.17
1482.98
1388.65
1437.30
2377.56
1347.84
1466.95
954.16
1312.06
814.12
1844.78
1537.23
2157.26
1832.09
1875.18
785.76
1086.92
1730.12
1981.88
926.36
1784.82
1262.68
775.20
1897.85
1633.12
1957.45
1430.98
1786.61
1324.75
1903.65
349.85
1050.21
1102.49
1046.81
1003.78
2030.86
1223.55
1181.17
1425.37
1625.85
885.87
136.84
847.56
1685.01
2008.82
2229.91
2050.28
1626.16
1640.13
741.73
1270.25
998.44
1590.95
1558.82
1063.00
1256.52
1683.09
1529.88
697.47
1139.86
1892.86
1648.42
1572.15
1925.65
1731.95
2227.05
1925.88
1300.41
2139.49
1118.80
1163.57
470.46
945.11
501.27
2008.16
1824.56
1795.70
1122.68
1700.90
877.01
890.33
646.99
1912.97
1942.16
1380.14
2090.42
1513.18
974.34
1575.68
1224.08
1688.23
804.16
1723.31
944.86
1262.06
715.71
1769.55
1953.20
1450.37
1701.94
766.60
2045.92
1327.60
933.84
1635.37
1213.32
1304.08
1654.31
1387.65
863.66
1300.26
2349.93
1819.14
815.91
1825.41
1100.39
1940.27
910.79
1885.06
1895.76
639.04
1287.91
1251.34
257.70
1196.72
1624.55
1182.04
1760.29
1292.77
1160.37
1903.59
2077.49
876.94
1745.03
589.51
1577.77
1104.53
1565.99
2200.96
1994.27
1551.59
1267.44
1088.27
2245.21
1311.84
1980.75
1324.22
1542.26
985.09
1861.28
432.47
663.81
971.52
1005.33
2277.17
706.29
1459.65
2168.43
1304.70
1657.59
379.79
964.46
1103.48
879.79
748.86
859.57
1349.14
1647.70
2471.78
1510.03
2104.62
1078.10
1293.56
1783.74
1738.27
1502.03
2112.17
751.74
1184.03
1109.24
874.22
2567.91
1508.31
1663.06
1257.07
1547.11
1220.84
990.01
1124.23
1913.45
1467.87
1621.80
1184.81
1959.07
2222.68
1500.92
260.34
1631.98
1919.57
1382.79
756.43
1536.93
1145.26
1155.93
912.95
2395.73
1369.97
1259.26
1540.78
2258.42
1740.54
892.93
1871.64
1563.89
1116.01
319.44
1497.47
1628.32
1132.19
1390.25
2159.40
1013.96
609.45
669.52
2101.46
840.14
